3.72665e-06
3.72665e-06
3.72665e-06
3.72665e-06
3.72665e-06
3.72665e-06
3.72665e-06
3.72665e-06
3.72665e-06
3.72665e-06
3.72665e-06
3.72665e-06
3.72665e-06
3.72665e-06
3.72665e-06
3.72665e-06
3.72665e-06
3.72665e-06
3.72665e-06
3.72665e-06
3.72665e-06
3.72665e-06
3.72665e-06
3.72665e-06
3.72665e-06
3.72665e-06
3.72665e-06
3.72665e-06
3.72665e-06
3.72665e-06
3.72665e-06
3.72666e-06
3.72667e-06
3.72669e-06
3.72675e-06
3.72691e-06
3.72726e-06
3.72804e-06
3.72975e-06
3.73334e-06
3.74063e-06
3.75498e-06
3.78239e-06
3.83328e-06
3.92521e-06
4.08705e-06
4.36511e-06
4.83209e-06
5.59993e-06
6.83789e-06
8.79806e-06
1.18507e-05
1.6533e-05
2.36161e-05
3.41952e-05
4.98117e-05
7.26145e-05
0.000105573
0.00015275
0.000219659
0.000313704
0.000444734
0.000625724
0.000873588
0.00121015
0.00166329
0.0022682
0.00306887
0.0041196
0.00548671
0.00725021
0.00950541
0.0123644
0.0159572
0.0204327
0.0259585
0.0327204
0.0409206
0.0507752
0.06251
0.0763544
0.0925352
0.111267
0.132745
0.15713
0.18454
0.215036
0.248613
0.285186
0.324582
0.366533
0.41067
0.456528
0.503541
0.551056
0.598343
0.644613
0.689036
0.730768
0.768974
