3.72665e-06
3.72665e-06
3.72665e-06
3.72665e-06
3.72665e-06
3.72665e-06
3.72665e-06
3.72665e-06
3.72665e-06
3.72666e-06
3.72666e-06
3.7267e-06
3.72683e-06
3.7273e-06
3.7288e-06
3.73316e-06
3.74483e-06
3.7737e-06
3.84009e-06
3.98273e-06
4.27081e-06
4.82082e-06
5.81948e-06
7.55462e-06
1.04572e-05
1.51605e-05
2.25831e-05
3.40488e-05
5.14522e-05
7.74883e-05
0.00011596
0.000172182
0.000253507
0.000369992
0.000535238
0.000767428
0.00109058
0.00153606
0.0021443
0.00296683
0.00406845
0.00552962
0.00744891
0.00994538
0.0131608
0.0172614
0.0224389
0.0289109
0.0369194
0.0467286
0.0586199
0.0728858
0.0898208
0.10971
0.132817
0.159366
0.189529
0.223405
0.261005
0.302233
0.346876
0.394589
0.444891
0.497167
0.550669
0.60453
0.657786
0.709401
0.758296
0.803389
0.843633
0.878054
0.905794
0.926143
0.938571
0.942751
0.938571
0.926143
0.905794
0.878054
0.843633
0.803389
0.758296
0.709401
0.657786
0.60453
0.550669
0.497167
0.444891
0.394589
0.346876
0.302233
0.261005
0.223405
0.189529
0.159366
0.132817
0.10971
0.0898208
0.0728858
