3.72665e-06
3.72665e-06
3.72665e-06
3.72665e-06
3.72665e-06
3.72665e-06
3.72665e-06
3.72665e-06
3.72665e-06
3.72665e-06
3.72665e-06
3.72665e-06
3.72665e-06
3.72665e-06
3.72665e-06
3.72665e-06
3.72665e-06
3.72665e-06
3.72665e-06
3.72665e-06
3.72665e-06
3.72665e-06
3.72665e-06
3.72666e-06
3.72666e-06
3.72668e-06
3.72673e-06
3.72687e-06
3.72722e-06
3.72807e-06
3.73004e-06
3.73444e-06
3.74385e-06
3.7632e-06
3.80155e-06
3.87491e-06
4.0106e-06
4.25387e-06
4.67746e-06
5.39542e-06
6.58266e-06
8.5023e-06
1.15439e-05
1.62766e-05
2.35216e-05
3.44527e-05
5.07307e-05
7.46854e-05
0.000109554
0.000159796
0.000231491
0.00033285
0.000474853
0.000672024
0.000943376
0.00131353
0.00181402
0.00248478
0.00337579
0.00454887
0.0060796
0.00805915
0.0105961
0.0138181
0.0178729
0.0229292
0.0291761
0.0368225
0.0460943
0.0572307
0.0704789
0.0860872
0.104296
0.125328
0.149375
0.176588
0.207059
0.240813
0.277791
0.31784
0.360706
0.406024
0.453318
0.502007
0.551404
0.600739
0.649167
0.695796
0.739712
0.780008
0.815815
0.84633
0.87085
0.888798
0.899745
0.903423
0.899745
0.888798
0.87085
0.84633
