3.72665e-06
3.72665e-06
3.72665e-06
3.72665e-06
3.72665e-06
3.72665e-06
3.72665e-06
3.72665e-06
3.72665e-06
3.72665e-06
3.72665e-06
3.72665e-06
3.72665e-06
3.72665e-06
3.72665e-06
3.72665e-06
3.72665e-06
3.72665e-06
3.72665e-06
3.72665e-06
3.72665e-06
3.72665e-06
3.72665e-06
3.72665e-06
3.72665e-06
3.72665e-06
3.72665e-06
3.72665e-06
3.72665e-06
3.72665e-06
3.72665e-06
3.72665e-06
3.72665e-06
3.72665e-06
3.72665e-06
3.72665e-06
3.72665e-06
3.72665e-06
3.72665e-06
3.72665e-06
3.72665e-06
3.72665e-06
3.72665e-06
3.72665e-06
3.72665e-06
3.72665e-06
3.72666e-06
3.72666e-06
3.72667e-06
3.7267e-06
3.72676e-06
3.72688e-06
3.72714e-06
3.72767e-06
3.72873e-06
3.73079e-06
3.73472e-06
3.74204e-06
3.75538e-06
3.77921e-06
3.82089e-06
3.89243e-06
4.01296e-06
4.21252e-06
4.53744e-06
5.05818e-06
5.88039e-06
7.16047e-06
9.1272e-06
1.21115e-05
1.65873e-05
2.32262e-05
3.29716e-05
4.71363e-05
6.7531e-05
9.66312e-05
0.000137792
0.000195518
0.000275808
0.000386575
0.00053816
0.000743955
0.00102113
0.00139151
0.00188252
0.00252831
0.00337097
0.00446178
0.00586262
0.00764722
0.00990249
0.0127296
0.0162448
0.02058
0.0258826
0.0323149
0.0400525
0.0492823
0.0601985
0.0729988
