3.72665e-06
3.72665e-06
3.72665e-06
3.72665e-06
3.72665e-06
3.72665e-06
3.72665e-06
3.72665e-06
3.72665e-06
3.72665e-06
3.72665e-06
3.72665e-06
3.72665e-06
3.72665e-06
3.72665e-06
3.72665e-06
3.72665e-06
3.72665e-06
3.72665e-06
3.72665e-06
3.72665e-06
3.72665e-06
3.72665e-06
3.72665e-06
3.72665e-06
3.72665e-06
3.72665e-06
3.72665e-06
3.72665e-06
3.72665e-06
3.72665e-06
3.72665e-06
3.72665e-06
3.72665e-06
3.72665e-06
3.72665e-06
3.72665e-06
3.72665e-06
3.72665e-06
3.72665e-06
3.72665e-06
3.72665e-06
3.72665e-06
3.72665e-06
3.72665e-06
3.72665e-06
3.72665e-06
3.72665e-06
3.72665e-06
3.72665e-06
3.72665e-06
3.72665e-06
3.72665e-06
3.72665e-06
3.72665e-06
3.72665e-06
3.72665e-06
3.72665e-06
3.72665e-06
3.72665e-06
3.72665e-06
3.72665e-06
3.72665e-06
3.72665e-06
3.72665e-06
3.72665e-06
3.72666e-06
3.72666e-06
3.72667e-06
3.72669e-06
3.72672e-06
3.72679e-06
3.72693e-06
3.72719e-06
3.72768e-06
3.72858e-06
3.73023e-06
3.73317e-06
3.73835e-06
3.74733e-06
3.76264e-06
3.78837e-06
3.831e-06
3.90067e-06
4.01302e-06
4.19186e-06
4.4731e-06
4.91014e-06
5.58166e-06
6.60231e-06
8.13755e-06
1.04239e-05
1.37964e-05
1.87253e-05
2.58656e-05
3.61208e-05
5.0728e-05
7.13666e-05
0.000100298
0.000140541
