3.72665e-06
3.72665e-06
3.72665e-06
3.72665e-06
3.72665e-06
3.72665e-06
3.72665e-06
3.72665e-06
3.72665e-06
3.72665e-06
3.72665e-06
3.72665e-06
3.72665e-06
3.72665e-06
3.72665e-06
3.72665e-06
3.72665e-06
3.72665e-06
3.72665e-06
3.72665e-06
3.72665e-06
3.72665e-06
3.72665e-06
3.72665e-06
3.72665e-06
3.72665e-06
3.72665e-06
3.72665e-06
3.72665e-06
3.72665e-06
3.72665e-06
3.72665e-06
3.72665e-06
3.72665e-06
3.72665e-06
3.72665e-06
3.72665e-06
3.72665e-06
3.72665e-06
3.72665e-06
3.72665e-06
3.72665e-06
3.72665e-06
3.72665e-06
3.72665e-06
3.72665e-06
3.72665e-06
3.72665e-06
3.72665e-06
3.72665e-06
3.72665e-06
3.72665e-06
3.72665e-06
3.72665e-06
3.72665e-06
3.72665e-06
3.72665e-06
3.72665e-06
3.72665e-06
3.72665e-06
3.72665e-06
3.72665e-06
3.72666e-06
3.72666e-06
3.72667e-06
3.72669e-06
3.72673e-06
3.72681e-06
3.72696e-06
3.72727e-06
3.72784e-06
3.72892e-06
3.73089e-06
3.73444e-06
3.74071e-06
3.75164e-06
3.77036e-06
3.80193e-06
3.8544e-06
3.94034e-06
4.07915e-06
4.30042e-06
4.64864e-06
5.19001e-06
6.02189e-06
7.28602e-06
9.18664e-06
1.20152e-05
1.61841e-05
2.22711e-05
3.1079e-05
4.37141e-05
6.16877e-05
8.70472e-05
0.000122543
0.000171842
0.000239784
0.000332714
0.000458869
0.000628857
