3.72665e-06
3.72665e-06
3.72665e-06
3.72665e-06
3.72665e-06
3.72665e-06
3.72665e-06
3.72665e-06
3.72665e-06
3.72665e-06
3.72665e-06
3.72665e-06
3.72665e-06
3.72665e-06
3.72665e-06
3.72665e-06
3.72665e-06
3.72665e-06
3.72665e-06
3.72665e-06
3.72665e-06
3.72665e-06
3.72665e-06
3.72665e-06
3.72665e-06
3.72665e-06
3.72665e-06
3.72665e-06
3.72665e-06
3.72665e-06
3.72665e-06
3.72665e-06
3.72665e-06
3.72665e-06
3.72665e-06
3.72665e-06
3.72665e-06
3.72665e-06
3.72665e-06
3.72665e-06
3.72665e-06
3.72665e-06
3.72666e-06
3.72666e-06
3.72667e-06
3.7267e-06
3.72676e-06
3.72689e-06
3.72718e-06
3.72778e-06
3.72899e-06
3.73139e-06
3.73602e-06
3.74473e-06
3.76078e-06
3.78965e-06
3.8405e-06
3.92825e-06
4.07672e-06
4.32332e-06
4.72573e-06
5.37161e-06
6.39221e-06
7.98152e-06
1.04228e-05
1.41252e-05
1.9673e-05
2.78936e-05
3.99464e-05
5.7442e-05
8.25977e-05
0.000118439
0.000169056
0.000239933
0.000338348
0.000473878
0.000659005
0.000909836
0.00124696
0.00169642
0.00229084
0.00307066
0.00408545
0.00539533
0.00707239
0.00920206
0.0118843
0.0152348
0.0193851
0.0244836
0.0306941
0.0381952
0.0471778
0.0578418
0.0703919
0.0850315
0.101956
0.121346
0.143357
0.168108
