3.72665e-06
3.72665e-06
3.72665e-06
3.72665e-06
3.72665e-06
3.72665e-06
3.72665e-06
3.72665e-06
3.72665e-06
3.72665e-06
3.72665e-06
3.72665e-06
3.72665e-06
3.72665e-06
3.72665e-06
3.72665e-06
3.72665e-06
3.72665e-06
3.72665e-06
3.72665e-06
3.72665e-06
3.72665e-06
3.72665e-06
3.72665e-06
3.72665e-06
3.72665e-06
3.72665e-06
3.72665e-06
3.72665e-06
3.72665e-06
3.72665e-06
3.72665e-06
3.72665e-06
3.72665e-06
3.72665e-06
3.72665e-06
3.72665e-06
3.72665e-06
3.72666e-06
3.72666e-06
3.72667e-06
3.7267e-06
3.72676e-06
3.7269e-06
3.72722e-06
3.72788e-06
3.72926e-06
3.73203e-06
3.73745e-06
3.74779e-06
3.76703e-06
3.80197e-06
3.86397e-06
3.97159e-06
4.15453e-06
4.45941e-06
4.95813e-06
5.75977e-06
7.02746e-06
9.00183e-06
1.20336e-05
1.66282e-05
2.35066e-05
3.3687e-05
4.8594e-05
7.02032e-05
0.000101229
0.000145367
0.000207605
0.00029461
0.000415213
0.000581
0.000807019
0.00111263
0.00152248
0.00206763
0.00278682
0.00372782
0.00494892
0.00652042
0.0085261
0.0110646
0.0142505
0.0182154
0.0231077
0.029093
0.0363525
0.045081
0.055484
0.0677732
0.0821606
0.0988522
0.118039
0.139889
0.164535
0.192067
0.222519
0.255859
0.291981
0.330696
