3.72665e-06
3.72665e-06
3.72665e-06
3.72665e-06
3.72667e-06
3.72674e-06
3.72718e-06
3.72921e-06
3.73695e-06
3.76226e-06
3.83421e-06
4.01485e-06
4.42139e-06
5.25316e-06
6.82252e-06
9.59242e-06
1.423e-05
2.16913e-05
3.33521e-05
5.11998e-05
7.80984e-05
0.00011814
0.000177104
0.000263054
0.000387096
0.000564345
0.000815119
0.00116641
0.0016536
0.00232254
0.00323183
0.00445541
0.00608527
0.0082343
0.011039
0.0146617
0.0192928
0.0251514
0.0324852
0.0415685
0.0526988
0.0661901
0.082365
0.101543
0.124027
0.150085
0.179937
0.213727
0.251512
0.293235
0.338713
0.387622
0.439484
0.493672
0.549406
0.605771
0.661734
0.716174
0.767917
0.815775
0.858592
0.89529
0.924914
0.946672
0.959972
0.964446
0.959972
0.946672
0.924914
0.89529
0.858592
0.815775
0.767917
0.716174
0.661734
0.605771
0.549406
0.493672
0.439484
0.387622
0.338713
0.293235
0.251512
0.213727
0.179937
0.150085
0.124027
0.101543
0.082365
0.0661901
0.0526988
0.0415685
0.0324852
0.0251514
0.0192928
0.0146617
0.011039
0.0082343
0.00608527
0.00445541
