3.72665e-06
3.72665e-06
3.72665e-06
3.72665e-06
3.72665e-06
3.72665e-06
3.72665e-06
3.72665e-06
3.72665e-06
3.72665e-06
3.72665e-06
3.72665e-06
3.72665e-06
3.72665e-06
3.72665e-06
3.72665e-06
3.72666e-06
3.72667e-06
3.7267e-06
3.72679e-06
3.72707e-06
3.72784e-06
3.72983e-06
3.7347e-06
3.74601e-06
3.77086e-06
3.82289e-06
3.92684e-06
4.12574e-06
4.49136e-06
5.13922e-06
6.24958e-06
8.09682e-06
1.10901e-05
1.58302e-05
2.31883e-05
3.44157e-05
5.12931e-05
7.63343e-05
0.000113057
0.000166336
0.000242867
0.000351743
0.000505189
0.000719461
0.00101593
0.00142238
0.00197451
0.00271766
0.0037087
0.00501812
0.00673215
0.00895487
0.0118103
0.0154438
0.0200237
0.0257413
0.0328106
0.0414663
0.0519605
0.0645579
0.0795288
0.0971403
0.117645
0.141269
0.168199
0.198564
0.232422
0.269747
0.310412
0.354179
0.400691
0.449469
0.499911
0.551303
0.602824
0.653575
0.702595
0.748891
0.791474
0.829391
0.861761
0.887808
0.906894
0.918542
0.922458
0.918542
0.906894
0.887808
0.861761
0.829391
0.791474
0.748891
0.702595
0.653575
0.602824
0.551303
0.499911
0.449469
0.400691
