3.72665e-06
3.72665e-06
3.72665e-06
3.72665e-06
3.72665e-06
3.72665e-06
3.72665e-06
3.72665e-06
3.72665e-06
3.72665e-06
3.72665e-06
3.72665e-06
3.72665e-06
3.72665e-06
3.72665e-06
3.72665e-06
3.72665e-06
3.72665e-06
3.72665e-06
3.72665e-06
3.72665e-06
3.72665e-06
3.72665e-06
3.72665e-06
3.72665e-06
3.72665e-06
3.72665e-06
3.72665e-06
3.72665e-06
3.72665e-06
3.72665e-06
3.72665e-06
3.72665e-06
3.72665e-06
3.72665e-06
3.72665e-06
3.72665e-06
3.72665e-06
3.72665e-06
3.72665e-06
3.72665e-06
3.72665e-06
3.72665e-06
3.72665e-06
3.72665e-06
3.72665e-06
3.72665e-06
3.72665e-06
3.72665e-06
3.72665e-06
3.72666e-06
3.72666e-06
3.72667e-06
3.7267e-06
3.72675e-06
3.72686e-06
3.72709e-06
3.72756e-06
3.72848e-06
3.73024e-06
3.73356e-06
3.73969e-06
3.75077e-06
3.7704e-06
3.80455e-06
3.86287e-06
3.96075e-06
4.12231e-06
4.38482e-06
4.80492e-06
5.4677e-06
6.49925e-06
8.08436e-06
1.04908e-05
1.41024e-05
1.94648e-05
2.7345e-05
3.88129e-05
5.53467e-05
7.89714e-05
0.000112437
0.000159444
0.000224934
0.000315439
0.000439522
0.000608306
0.000836104
0.00114116
0.00154651
0.00208096
0.00278016
0.00368777
0.00485673
0.00635052
0.00824443
0.0106267
0.0135994
0.0172794
0.0217984
0.027303
