3.72665e-06
3.72665e-06
3.72665e-06
3.72665e-06
3.72665e-06
3.72665e-06
3.72665e-06
3.72665e-06
3.72665e-06
3.72665e-06
3.72665e-06
3.72665e-06
3.72665e-06
3.72665e-06
3.72665e-06
3.72665e-06
3.72665e-06
3.72665e-06
3.72665e-06
3.72665e-06
3.72665e-06
3.72665e-06
3.72665e-06
3.72665e-06
3.72665e-06
3.72665e-06
3.72665e-06
3.72665e-06
3.72665e-06
3.72665e-06
3.72665e-06
3.72665e-06
3.72665e-06
3.72665e-06
3.72665e-06
3.72665e-06
3.72665e-06
3.72665e-06
3.72665e-06
3.72665e-06
3.72665e-06
3.72665e-06
3.72665e-06
3.72665e-06
3.72665e-06
3.72665e-06
3.72665e-06
3.72665e-06
3.72665e-06
3.72665e-06
3.72665e-06
3.72665e-06
3.72665e-06
3.72665e-06
3.72665e-06
3.72665e-06
3.72665e-06
3.72665e-06
3.72665e-06
3.72665e-06
3.72665e-06
3.72665e-06
3.72665e-06
3.72665e-06
3.72665e-06
3.72665e-06
3.72665e-06
3.72665e-06
3.72665e-06
3.72665e-06
3.72665e-06
3.72665e-06
3.72665e-06
3.72665e-06
3.72666e-06
3.72666e-06
3.72667e-06
3.72668e-06
3.72671e-06
3.72676e-06
3.72686e-06
3.72705e-06
3.7274e-06
3.72804e-06
3.72918e-06
3.7312e-06
3.73472e-06
3.74076e-06
3.75099e-06
3.76808e-06
3.79624e-06
3.84206e-06
3.91572e-06
4.03269e-06
4.21635e-06
4.5015e-06
4.93951e-06
5.60545e-06
6.60789e-06
8.1025e-06
