3.72665e-06
3.72665e-06
3.72665e-06
3.72665e-06
3.72665e-06
3.72665e-06
3.72665e-06
3.72665e-06
3.72665e-06
3.72665e-06
3.72665e-06
3.72665e-06
3.72665e-06
3.72665e-06
3.72665e-06
3.72665e-06
3.72665e-06
3.72665e-06
3.72665e-06
3.72665e-06
3.72665e-06
3.72665e-06
3.72665e-06
3.72665e-06
3.72665e-06
3.72665e-06
3.72665e-06
3.72665e-06
3.72665e-06
3.72665e-06
3.72665e-06
3.72665e-06
3.72665e-06
3.72665e-06
3.72665e-06
3.72665e-06
3.72665e-06
3.72665e-06
3.72665e-06
3.72665e-06
3.72665e-06
3.72665e-06
3.72665e-06
3.72665e-06
3.72665e-06
3.72665e-06
3.72665e-06
3.72665e-06
3.72665e-06
3.72665e-06
3.72665e-06
3.72665e-06
3.72665e-06
3.72665e-06
3.72665e-06
3.72665e-06
3.72665e-06
3.72665e-06
3.72666e-06
3.72666e-06
3.72667e-06
3.72669e-06
3.72674e-06
3.72683e-06
3.72701e-06
3.72736e-06
3.72803e-06
3.72931e-06
3.73166e-06
3.73592e-06
3.74352e-06
3.75681e-06
3.7797e-06
3.81844e-06
3.88302e-06
3.98905e-06
4.16063e-06
4.43449e-06
4.86583e-06
5.5367e-06
6.56762e-06
8.13381e-06
1.04874e-05
1.39875e-05
1.91415e-05
2.6659e-05
3.75243e-05
5.30911e-05
7.5205e-05
0.000106361
0.000149905
0.000210283
0.000293354
0.000406773
0.000560452
0.000767114
0.00104294
0.00140831
0.00188868
0.00251551
