3.72665e-06
3.72665e-06
3.72665e-06
3.72665e-06
3.72665e-06
3.72665e-06
3.72665e-06
3.72665e-06
3.72665e-06
3.72665e-06
3.72665e-06
3.72665e-06
3.72665e-06
3.72665e-06
3.72665e-06
3.72665e-06
3.72665e-06
3.72665e-06
3.72665e-06
3.72665e-06
3.72665e-06
3.72665e-06
3.72665e-06
3.72665e-06
3.72665e-06
3.72665e-06
3.72665e-06
3.72665e-06
3.72665e-06
3.72665e-06
3.72665e-06
3.72665e-06
3.72665e-06
3.72665e-06
3.72666e-06
3.72666e-06
3.72667e-06
3.7267e-06
3.72676e-06
3.72691e-06
3.72724e-06
3.72797e-06
3.72952e-06
3.73269e-06
3.739e-06
3.75121e-06
3.77422e-06
3.81643e-06
3.89196e-06
4.02394e-06
4.24943e-06
4.62662e-06
5.24516e-06
6.24091e-06
7.81663e-06
1.02708e-05
1.40377e-05
1.97415e-05
2.82712e-05
4.08797e-05
5.9317e-05
8.60053e-05
0.000124266
0.000178614
0.000255127
0.00036191
0.000509671
0.000712412
0.000988267
0.00136047
0.00185851
0.00251937
0.00338896
0.00452362
0.00599174
0.00787528
0.0102713
0.0132933
0.0170722
0.0217568
0.0275137
0.0345267
0.0429944
0.0531276
0.065145
0.0792675
0.0957111
0.114679
0.136352
0.160876
0.188356
0.218838
0.252303
0.288656
0.327714
0.369205
0.41276
0.457917
0.504121
0.550734
