3.72665e-06
3.72898e-06
3.75602e-06
3.90407e-06
4.41967e-06
5.72828e-06
8.3861e-06
1.30567e-05
2.06291e-05
3.24517e-05
5.05904e-05
7.81044e-05
0.00011941
0.000180787
0.000271051
0.000402434
0.000591693
0.000861507
0.00124217
0.00177363
0.00250787
0.00351161
0.00486932
0.00668639
0.00909234
0.0122439
0.0163277
0.0215622
0.0281982
0.0365183
0.046834
0.0594805
0.0748082
0.0931721
0.114917
0.140361
0.169773
0.203355
0.241214
0.283343
0.329598
0.379682
0.433131
0.489306
0.547399
0.606445
0.665336
0.72286
0.777733
0.828647
0.874323
0.913561
0.945292
0.96863
0.982909
0.987715
0.982909
0.96863
0.945292
0.913561
0.874323
0.828647
0.777733
0.72286
0.665336
0.606445
0.547399
0.489306
0.433131
0.379682
0.329598
0.283343
0.241214
0.203355
0.169773
0.140361
0.114917
0.0931721
0.0748082
0.0594805
0.046834
0.0365183
0.0281982
0.0215622
0.0163277
0.0122439
0.00909234
0.00668639
0.00486932
0.00351161
0.00250787
0.00177363
0.00124217
0.000861507
0.000591693
0.000402434
0.000271051
0.000180787
0.00011941
7.81044e-05
