3.72665e-06
3.72665e-06
3.72665e-06
3.72665e-06
3.72665e-06
3.72665e-06
3.72665e-06
3.72665e-06
3.72665e-06
3.72665e-06
3.72665e-06
3.72665e-06
3.72665e-06
3.72665e-06
3.72665e-06
3.72665e-06
3.72665e-06
3.72665e-06
3.72665e-06
3.72665e-06
3.72665e-06
3.72665e-06
3.72665e-06
3.72665e-06
3.72665e-06
3.72665e-06
3.72665e-06
3.72665e-06
3.72665e-06
3.72665e-06
3.72665e-06
3.72665e-06
3.72665e-06
3.72665e-06
3.72665e-06
3.72665e-06
3.72665e-06
3.72665e-06
3.72665e-06
3.72665e-06
3.72665e-06
3.72665e-06
3.72665e-06
3.72665e-06
3.72665e-06
3.72665e-06
3.72665e-06
3.72665e-06
3.72665e-06
3.72665e-06
3.72665e-06
3.72665e-06
3.72665e-06
3.72665e-06
3.72665e-06
3.72665e-06
3.72665e-06
3.72665e-06
3.72665e-06
3.72665e-06
3.72665e-06
3.72665e-06
3.72665e-06
3.72665e-06
3.72665e-06
3.72665e-06
3.72665e-06
3.72665e-06
3.72665e-06
3.72665e-06
3.72665e-06
3.72665e-06
3.72665e-06
3.72665e-06
3.72665e-06
3.72665e-06
3.72665e-06
3.72665e-06
3.72665e-06
3.72665e-06
3.72665e-06
3.72665e-06
3.72665e-06
3.72665e-06
3.72665e-06
3.72665e-06
3.72666e-06
3.72666e-06
3.72666e-06
3.72667e-06
3.72669e-06
3.72672e-06
3.72678e-06
3.7269e-06
3.72711e-06
3.72748e-06
3.72813e-06
3.72927e-06
3.73123e-06
3.73456e-06
