3.72665e-06
3.72665e-06
3.72665e-06
3.72665e-06
3.72665e-06
3.72665e-06
3.72665e-06
3.72665e-06
3.72665e-06
3.72665e-06
3.72665e-06
3.72665e-06
3.72665e-06
3.72665e-06
3.72665e-06
3.72665e-06
3.72665e-06
3.72665e-06
3.72665e-06
3.72665e-06
3.72666e-06
3.72667e-06
3.72671e-06
3.72683e-06
3.72716e-06
3.72799e-06
3.73002e-06
3.73473e-06
3.74517e-06
3.76728e-06
3.81218e-06
3.89974e-06
4.06421e-06
4.36244e-06
4.88595e-06
5.77797e-06
7.25747e-06
9.65263e-06
1.34475e-05
1.93466e-05
2.83643e-05
4.19469e-05
6.21384e-05
9.18012e-05
0.000134909
0.000196923
0.000285282
0.000410004
0.000584451
0.000826247
0.00115839
0.00161053
0.00222052
0.00303604
0.00411651
0.00553502
0.00738039
0.00975908
0.012797
0.0166411
0.0214598
0.0274437
0.0348042
0.043772
0.0545927
0.0675224
0.0828204
0.10074
0.121519
0.145366
0.172448
0.202877
0.236693
0.273853
0.314216
0.357534
0.403448
0.451479
0.501034
0.551415
0.601824
0.651392
0.699192
0.744272
0.785686
0.822523
0.853942
0.879207
0.89771
0.908997
0.912792
0.908997
0.89771
0.879207
0.853942
0.822523
0.785686
0.744272
0.699192
0.651392
