3.72665e-06
3.72665e-06
3.72665e-06
3.72665e-06
3.72665e-06
3.72665e-06
3.72666e-06
3.72667e-06
3.72672e-06
3.72698e-06
3.72799e-06
3.73143e-06
3.74191e-06
3.77063e-06
3.84214e-06
4.00531e-06
4.34924e-06
5.02474e-06
6.27188e-06
8.45569e-06
1.21148e-05
1.80315e-05
2.73344e-05
4.16473e-05
6.3298e-05
9.56032e-05
0.000143246
0.00021277
0.000313211
0.000456898
0.000660462
0.00094606
0.00134286
0.0018888
0.00263258
0.00363599
0.0049763
0.00674892
0.00906999
0.0120788
0.01594
0.0208448
0.0270118
0.0346861
0.0441373
0.0556549
0.0695423
0.0861079
0.105654
0.128463
0.154782
0.184804
0.218651
0.256355
0.297841
0.342908
0.39122
0.442299
0.495521
0.550123
0.605214
0.659798
0.712795
0.763081
0.809522
0.851019
0.886549
0.915205
0.936239
0.94909
0.953413
0.94909
0.936239
0.915205
0.886549
0.851019
0.809522
0.763081
0.712795
0.659798
0.605214
0.550123
0.495521
0.442299
0.39122
0.342908
0.297841
0.256355
0.218651
0.184804
0.154782
0.128463
0.105654
0.0861079
0.0695423
0.0556549
0.0441373
0.0346861
0.0270118
0.0208448
