3.72665e-06
3.72665e-06
3.72665e-06
3.72665e-06
3.72665e-06
3.72665e-06
3.72665e-06
3.72665e-06
3.72665e-06
3.72665e-06
3.72665e-06
3.72665e-06
3.72665e-06
3.72665e-06
3.72665e-06
3.72665e-06
3.72665e-06
3.72665e-06
3.72665e-06
3.72665e-06
3.72665e-06
3.72665e-06
3.72665e-06
3.72665e-06
3.72665e-06
3.72665e-06
3.72665e-06
3.72666e-06
3.72667e-06
3.72669e-06
3.72675e-06
3.72689e-06
3.72725e-06
3.72808e-06
3.72994e-06
3.73395e-06
3.74228e-06
3.75902e-06
3.79154e-06
3.85273e-06
3.9645e-06
4.16293e-06
4.506e-06
5.0847e-06
6.03887e-06
7.57953e-06
1.00201e-05
1.38197e-05
1.96428e-05
2.8441e-05
4.15635e-05
6.09055e-05
8.91051e-05
0.000129801
0.000187964
0.000270324
0.000385896
0.000546646
0.000768284
0.00107123
0.00148173
0.00203316
0.00276751
0.00373697
0.00500567
0.00665148
0.00876775
0.0114649
0.014872
0.0191375
0.0244296
0.0309359
0.0388623
0.0484298
0.0598708
0.0734239
0.0893264
0.107806
0.12907
0.153297
0.180618
0.211111
0.244785
0.281566
0.321293
0.363702
0.408428
0.454998
0.502839
0.551282
0.599576
0.646905
0.692409
0.73521
0.774439
0.809261
0.838914
0.862726
0.880148
0.890769
