3.72665e-06
3.72665e-06
3.72665e-06
3.72665e-06
3.72665e-06
3.72665e-06
3.72665e-06
3.72665e-06
3.72665e-06
3.72665e-06
3.72665e-06
3.72665e-06
3.72665e-06
3.72666e-06
3.72668e-06
3.72674e-06
3.72695e-06
3.7276e-06
3.72943e-06
3.73423e-06
3.74604e-06
3.77332e-06
3.83274e-06
3.9552e-06
4.19505e-06
4.64338e-06
5.44662e-06
6.83224e-06
9.1442e-06
1.28921e-05
1.88202e-05
2.80037e-05
4.19834e-05
6.29507e-05
9.39966e-05
0.000139444
0.000205278
0.000299703
0.000433841
0.000622604
0.000885758
0.0012492
0.00174647
0.00242048
0.00332549
0.00452919
0.00611505
0.0081845
0.0108592
0.0142831
0.0186234
0.0240721
0.030845
0.0391808
0.0493377
0.061589
0.0762161
0.0934994
0.113708
0.137086
0.163838
0.194115
0.227994
0.265467
0.306421
0.350629
0.397742
0.447277
0.498626
0.551058
0.60373
0.655709
0.705999
0.753566
0.797374
0.836425
0.869795
0.896666
0.916367
0.928394
0.932439
0.928394
0.916367
0.896666
0.869795
0.836425
0.797374
0.753566
0.705999
0.655709
0.60373
0.551058
0.498626
0.447277
0.397742
0.350629
0.306421
0.265467
0.227994
0.194115
