3.72665e-06
3.72665e-06
3.72665e-06
3.72665e-06
3.72665e-06
3.72665e-06
3.72665e-06
3.72665e-06
3.72665e-06
3.72665e-06
3.72665e-06
3.72665e-06
3.72665e-06
3.72665e-06
3.72665e-06
3.72665e-06
3.72665e-06
3.72665e-06
3.72665e-06
3.72665e-06
3.72665e-06
3.72665e-06
3.72665e-06
3.72665e-06
3.72665e-06
3.72665e-06
3.72665e-06
3.72665e-06
3.72665e-06
3.72665e-06
3.72665e-06
3.72665e-06
3.72665e-06
3.72665e-06
3.72665e-06
3.72665e-06
3.72665e-06
3.72665e-06
3.72665e-06
3.72665e-06
3.72665e-06
3.72665e-06
3.72665e-06
3.72665e-06
3.72665e-06
3.72665e-06
3.72665e-06
3.72665e-06
3.72665e-06
3.72665e-06
3.72665e-06
3.72665e-06
3.72665e-06
3.72665e-06
3.72666e-06
3.72666e-06
3.72667e-06
3.7267e-06
3.72674e-06
3.72684e-06
3.72705e-06
3.72746e-06
3.72825e-06
3.72975e-06
3.73255e-06
3.73766e-06
3.74684e-06
3.76301e-06
3.79097e-06
3.8385e-06
3.918e-06
4.04886e-06
4.26104e-06
4.60015e-06
5.1347e-06
5.96639e-06
7.24446e-06
9.1855e-06
1.21007e-05
1.64326e-05
2.28052e-05
3.209e-05
4.54933e-05
6.4671e-05
9.18764e-05
0.000130149
0.000183555
0.000257486
0.000359027
0.000497409
0.000684549
0.00093569
0.00127015
0.00171218
0.00229192
0.00304647
0.00402104
0.00527013
0.00685873
0.00886351
