0.01594
0.0208448
0.0270118
0.0346861
0.0441373
0.0556549
0.0695423
0.0861079
0.105654
0.128463
0.154782
0.184804
0.218651
0.256355
0.297841
0.342908
0.39122
0.442299
0.495521
0.550123
0.605214
0.659798
0.712795
0.763081
0.809522
0.851019
0.886549
0.915205
0.936239
0.94909
0.953413
0.94909
0.936239
0.915205
0.886549
0.851019
0.809522
0.763081
0.712795
0.659798
0.605214
0.550123
0.495521
0.442299
0.39122
0.342908
0.297841
0.256355
0.218651
0.184804
0.154782
0.128463
0.105654
0.0861079
0.0695423
0.0556549
0.0441373
0.0346861
0.0270118
0.0208448
0.01594
0.0120788
0.00906999
0.00674892
0.0049763
0.00363599
0.00263258
0.0018888
0.00134286
0.000946061
0.000660465
0.000456906
0.00031323
0.000212816
0.000143343
9.57868e-05
6.3618e-05
4.216e-05
2.80932e-05
1.90753e-05
1.34579e-05
1.00838e-05
8.1461e-06
7.09158e-06
6.55253e-06
6.29593e-06
6.18314e-06
6.13774e-06
6.12115e-06
6.11569e-06
6.1141e-06
6.11368e-06
6.11359e-06
6.11357e-06
6.11357e-06
6.11357e-06
6.11357e-06
6.11357e-06
6.11357e-06
6.11357e-06
