0.815815
0.84633
0.87085
0.888798
0.899745
0.903423
0.899745
0.888798
0.87085
0.84633
0.815815
0.780008
0.739712
0.695796
0.649167
0.600739
0.551404
0.502007
0.453318
0.406024
0.360706
0.31784
0.277791
0.240813
0.207059
0.176588
0.149375
0.125328
0.104296
0.0860872
0.0704789
0.0572307
0.0460943
0.0368225
0.0291761
0.0229292
0.0178729
0.0138181
0.0105961
0.00805915
0.0060796
0.00454888
0.0033758
0.0024848
0.00181405
0.00131358
0.000943462
0.000672159
0.000475056
0.000333144
0.0002319
0.000160346
0.000110269
7.55829e-05
5.18241e-05
3.57462e-05
2.5011e-05
1.79493e-05
1.33809e-05
1.04801e-05
8.67585e-06
7.57916e-06
6.9291e-06
6.5542e-06
6.34429e-06
6.23043e-06
6.17072e-06
6.14051e-06
6.12579e-06
6.11889e-06
6.11579e-06
6.11446e-06
6.11391e-06
6.11369e-06
6.11361e-06
6.11358e-06
6.11357e-06
6.11357e-06
6.11357e-06
6.11357e-06
6.11357e-06
6.11357e-06
6.11357e-06
6.11357e-06
6.11357e-06
6.11357e-06
6.11357e-06
6.11357e-06
6.11357e-06
6.11357e-06
6.11357e-06
6.11357e-06
6.11357e-06
6.11357e-06
6.11357e-06
6.11357e-06
6.11357e-06
6.11357e-06
6.11357e-06
6.11357e-06
