0.00323183
0.00445541
0.00608527
0.0082343
0.011039
0.0146617
0.0192928
0.0251514
0.0324852
0.0415685
0.0526988
0.0661901
0.082365
0.101543
0.124027
0.150085
0.179937
0.213727
0.251512
0.293235
0.338713
0.387622
0.439484
0.493672
0.549406
0.605771
0.661734
0.716174
0.767917
0.815775
0.858592
0.89529
0.924914
0.946672
0.959972
0.964446
0.959972
0.946672
0.924914
0.89529
0.858592
0.815775
0.767917
0.716174
0.661734
0.605771
0.549406
0.493672
0.439484
0.387622
0.338713
0.293235
0.251512
0.213727
0.179937
0.150085
0.124027
0.101543
0.082365
0.0661901
0.0526988
0.0415685
0.0324852
0.0251514
0.0192928
0.0146617
0.011039
0.0082343
0.00608527
0.00445541
0.00323183
0.00232254
0.0016536
0.00116641
0.000815119
0.000564345
0.000387098
0.00026306
0.000177124
0.000118191
7.82162e-05
5.14391e-05
3.37836e-05
2.23891e-05
1.52511e-05
1.09583e-05
8.51167e-06
7.20853e-06
6.56903e-06
6.28393e-06
6.17008e-06
6.12993e-06
6.11763e-06
6.11441e-06
6.11371e-06
6.11359e-06
6.11357e-06
6.11357e-06
6.11357e-06
6.11357e-06
