0.601824
0.651392
0.699192
0.744272
0.785686
0.822523
0.853942
0.879207
0.89771
0.908997
0.912792
0.908997
0.89771
0.879207
0.853942
0.822523
0.785686
0.744272
0.699192
0.651392
0.601824
0.551415
0.501034
0.451479
0.403448
0.357534
0.314216
0.273853
0.236693
0.202877
0.172448
0.145366
0.121519
0.10074
0.0828204
0.0675224
0.0545927
0.043772
0.0348042
0.0274437
0.0214598
0.0166411
0.012797
0.00975908
0.00738039
0.00553502
0.00411651
0.00303605
0.00222053
0.00161055
0.00115843
0.000826315
0.000584562
0.000410178
0.000285542
0.000197299
0.000135427
9.24892e-05
6.30186e-05
4.30342e-05
2.96639e-05
2.08532e-05
1.51464e-05
1.15215e-05
9.26927e-06
7.90409e-06
7.09905e-06
6.63846e-06
6.38349e-06
6.24728e-06
6.17723e-06
6.14264e-06
6.12627e-06
6.11887e-06
6.11568e-06
6.11437e-06
6.11385e-06
6.11367e-06
6.1136e-06
6.11358e-06
6.11357e-06
6.11357e-06
6.11357e-06
6.11357e-06
6.11357e-06
6.11357e-06
6.11357e-06
6.11357e-06
6.11357e-06
6.11357e-06
6.11357e-06
6.11357e-06
6.11357e-06
6.11357e-06
6.11357e-06
6.11357e-06
6.11357e-06
6.11357e-06
6.11357e-06
6.11357e-06
