0.163838
0.194115
0.227994
0.265467
0.306421
0.350629
0.397742
0.447277
0.498626
0.551058
0.60373
0.655709
0.705999
0.753566
0.797374
0.836425
0.869795
0.896666
0.916367
0.928394
0.932439
0.928394
0.916367
0.896666
0.869795
0.836425
0.797374
0.753566
0.705999
0.655709
0.60373
0.551058
0.498626
0.447277
0.397742
0.350629
0.306421
0.265467
0.227994
0.194115
0.163838
0.137086
0.113708
0.0934994
0.0762161
0.061589
0.0493377
0.0391808
0.030845
0.0240721
0.0186234
0.0142831
0.0108592
0.0081845
0.00611505
0.00452919
0.00332549
0.00242049
0.00174647
0.00124921
0.000885774
0.000622637
0.000433903
0.000299813
0.000205463
0.000139736
9.44337e-05
6.357e-05
4.28175e-05
2.90747e-05
2.01361e-05
1.4445e-05
1.09118e-05
8.782e-06
7.54106e-06
6.84531e-06
6.47162e-06
6.28018e-06
6.18702e-06
6.14414e-06
6.12553e-06
6.11795e-06
6.11507e-06
6.11405e-06
6.11371e-06
6.11361e-06
6.11358e-06
6.11357e-06
6.11357e-06
6.11357e-06
6.11357e-06
6.11357e-06
6.11357e-06
6.11357e-06
6.11357e-06
6.11357e-06
6.11357e-06
6.11357e-06
6.11357e-06
6.11357e-06
