0.000478527
0.000697199
0.00100615
0.00143824
0.00203636
0.00285586
0.00396715
0.00545858
0.00743944
0.0100429
0.0134289
0.0177861
0.0233336
0.030321
0.0390271
0.0497566
0.0628343
0.0785967
0.0973809
0.11951
0.145278
0.174927
0.208629
0.246466
0.288405
0.334281
0.383781
0.436434
0.491606
0.548504
0.606186
0.663584
0.719532
0.772802
0.822149
0.866357
0.90429
0.934937
0.957462
0.971237
0.975872
0.971237
0.957462
0.934937
0.90429
0.866357
0.822149
0.772802
0.719532
0.663584
0.606186
0.548504
0.491606
0.436434
0.383781
0.334281
0.288405
0.246466
0.208629
0.174927
0.145278
0.11951
0.0973809
0.0785967
0.0628343
0.0497566
0.0390271
0.030321
0.0233336
0.0177861
0.0134289
0.0100429
0.00743944
0.00545858
0.00396715
0.00285586
0.00203636
0.00143824
0.00100615
0.000697199
0.000478527
0.000325322
0.000219068
0.000146119
9.6549e-05
6.32289e-05
4.11188e-05
2.67086e-05
1.75772e-05
1.2043e-05
8.90519e-06
7.28285e-06
6.53851e-06
6.24382e-06
6.14611e-06
6.1199e-06
6.11447e-06
6.11365e-06
6.11357e-06
6.11357e-06
