0.0586199
0.0728858
0.0898208
0.10971
0.132817
0.159366
0.189529
0.223405
0.261005
0.302233
0.346876
0.394589
0.444891
0.497167
0.550669
0.60453
0.657786
0.709401
0.758296
0.803389
0.843633
0.878054
0.905794
0.926143
0.938571
0.942751
0.938571
0.926143
0.905794
0.878054
0.843633
0.803389
0.758296
0.709401
0.657786
0.60453
0.550669
0.497167
0.444891
0.394589
0.346876
0.302233
0.261005
0.223405
0.189529
0.159366
0.132817
0.10971
0.0898208
0.0728858
0.0586199
0.0467286
0.0369194
0.0289109
0.0224389
0.0172614
0.0131608
0.00994538
0.00744891
0.00552962
0.00406845
0.00296683
0.0021443
0.00153606
0.00109059
0.000767436
0.000535257
0.000370031
0.000253584
0.000172324
0.000116202
7.78729e-05
5.20249e-05
3.48506e-05
2.36426e-05
1.64879e-05
1.20424e-05
9.3688e-06
7.82182e-06
6.96589e-06
6.5158e-06
6.29218e-06
6.18781e-06
6.1423e-06
6.12387e-06
6.11697e-06
6.1146e-06
6.11385e-06
6.11364e-06
6.11358e-06
6.11357e-06
6.11357e-06
6.11357e-06
6.11357e-06
6.11357e-06
6.11357e-06
6.11357e-06
6.11357e-06
6.11357e-06
6.11357e-06
