0.354179
0.400691
0.449469
0.499911
0.551303
0.602824
0.653575
0.702595
0.748891
0.791474
0.829391
0.861761
0.887808
0.906894
0.918542
0.922458
0.918542
0.906894
0.887808
0.861761
0.829391
0.791474
0.748891
0.702595
0.653575
0.602824
0.551303
0.499911
0.449469
0.400691
0.354179
0.310412
0.269747
0.232422
0.198564
0.168199
0.141269
0.117645
0.0971403
0.0795288
0.0645579
0.0519605
0.0414663
0.0328106
0.0257413
0.0200237
0.0154438
0.0118103
0.00895487
0.00673215
0.00501812
0.0037087
0.00271766
0.00197452
0.00142239
0.00101596
0.00071951
0.000505275
0.000351886
0.000243092
0.000166673
0.000113538
7.69912e-05
5.21526e-05
3.54957e-05
2.44952e-05
1.73576e-05
1.28201e-05
1.00028e-05
8.29997e-06
7.3015e-06
6.73553e-06
6.42644e-06
6.26435e-06
6.18299e-06
6.14402e-06
6.12626e-06
6.11858e-06
6.11544e-06
6.11422e-06
6.11378e-06
6.11363e-06
6.11359e-06
6.11357e-06
6.11357e-06
6.11357e-06
6.11357e-06
6.11357e-06
6.11357e-06
6.11357e-06
6.11357e-06
6.11357e-06
6.11357e-06
6.11357e-06
6.11357e-06
6.11357e-06
6.11357e-06
6.11357e-06
6.11357e-06
6.11357e-06
